0.00   0.000000
0.10   0.200000
0.20   0.396040
0.30   0.588198
0.40   0.776551
0.50   0.961174
0.60   1.142141
0.70   1.319525
0.80   1.493397
0.90   1.663826
1.00   1.830880
1.10   1.994626
1.20   2.155130
1.30   2.312455
1.40   2.466666
1.50   2.617822
1.60   2.765986
1.70   2.911216
1.80   3.053570
1.90   3.193105
2.00   3.329877
2.10   3.463941
2.20   3.595351
2.30   3.724158
2.40   3.850415
2.50   3.974171
2.60   4.095478
2.70   4.214382
2.80   4.330931
2.90   4.445173
3.00   4.557153
3.10   4.666915
3.20   4.774504
3.30   4.879963
3.40   4.983333
3.50   5.084656
3.60   5.183973
3.70   5.281324
3.80   5.376747
3.90   5.470280
4.00   5.561961
4.10   5.651827
4.20   5.739913
4.30   5.826255
4.40   5.910888
4.50   5.993844
4.60   6.075158
4.70   6.154862
4.80   6.232988
4.90   6.309566
5.00   6.384628
5.10   6.458204
5.20   6.530323
5.30   6.601014
5.40   6.670305
5.50   6.738224
5.60   6.804799
5.70   6.870055
5.80   6.934018
5.90   6.996716
6.00   7.058171
6.10   7.118410
6.20   7.177456
6.30   7.235333
6.40   7.292064
6.50   7.347671
6.60   7.402178
6.70   7.455605
6.80   7.507974
6.90   7.559306
7.00   7.609622
7.10   7.658941
7.20   7.707284
7.30   7.754670
7.40   7.801117
7.50   7.846644
7.60   7.891270
7.70   7.935013
7.80   7.977889
7.90   8.019916
8.00   8.061111
8.10   8.101491
8.20   8.141070
8.30   8.179866
8.40   8.217894
8.50   8.255169
8.60   8.291706
8.70   8.327519
8.80   8.362623
8.90   8.397032
9.00   8.430759
9.10   8.463819
9.20   8.496224
9.30   8.527988
9.40   8.559122
9.50   8.589640
9.60   8.619554
9.70   8.648876
9.80   8.677616
9.90   8.705788
10.00   8.733402
